0,1,2,3,4
0.015156459031599474,0.01515647670729575,0.015156266183390651,0.01515647670729946,0.9393743213704147
0.016470682417633595,0.016470705350182975,0.016470430927854277,0.016470705350181507,0.9341174759541476
0.018404932593627576,0.018404953727237564,0.018404750825999135,0.018404953727243222,0.9263804091258925
0.01796991163764123,0.017969935536015485,0.017969682818005882,0.017969935536016154,0.9281205344723212
0.013977414140762713,0.013977437357338484,0.013977191697911397,0.013977437357334675,0.9440905194466527
0.016472758164886837,0.0164727840452068,0.016472477210392127,0.016472784045204643,0.9341091965343096
0.02514193826690102,0.02514196658517623,0.0251416655987734,0.025141966585179296,0.8994324629639701
0.014783092861807609,0.01478310557495731,0.014782963002745998,0.014783105574958917,0.9408677329855303
0.018354093071490024,0.018354113112409982,0.018353848329013968,0.01835411311240744,0.9265838323746786
0.01865576724090511,0.01865578979781789,0.01865554968133537,0.01865578979781649,0.9253771034821251
0.01360964670030443,0.013609664690308144,0.013609481558390712,0.013609664690310967,0.9455615423606857
0.013638491693616528,0.013638510889785216,0.0136382670145052,0.013638510889795622,0.9454462195122975
0.015110977184006575,0.015111013405746512,0.022720567567678315,0.015111013405601609,0.9319464284369671
0.022009981800767773,0.02201001318722515,0.022009659475282616,0.022010013187226035,0.9119603323494984
0.023517256128353974,0.023517300961207816,0.023516908855067863,0.023517300961173406,0.9059312330941969
0.015620006698013292,0.01562002563488252,0.015619800780535249,0.015620025634884004,0.9375201412516849
0.01975828961413377,0.01975832453183563,0.01975794925604485,0.019758324531840055,0.9209671120661457
0.018070769586010726,0.018070790683188318,0.018070547574115414,0.018070790683192787,0.9277171014734927
0.01657635259312348,0.01657637336812613,0.01657613529723394,0.016576373368127666,0.9336947653733888
0.015202761898797185,0.015202781999068653,0.015202562731285533,0.015202781999064162,0.9391891113717845
0.015120111417350347,0.01512013915807849,0.015119829064646987,0.01512013915809564,0.9395197812018286
0.020976926244939506,0.0209769596677448,0.020976570973379988,0.020976959667740658,0.916092583446195
0.017686513135206538,0.017686558577244868,0.017686055468389535,0.017686558577399356,0.9292543142417597
0.020837792628596488,0.020837824537640565,0.020837472753962985,0.020837824537640395,0.9166490855421595
0.0212636220250391,0.021263650531893562,0.021263319989696217,0.02126365053189216,0.9149457569214791
0.021454487057470634,0.021454525454348405,0.021454094321321875,0.021454525454352155,0.9141823677125069
0.022040904647409224,0.02204092805304384,0.022040669666947326,0.022040928053047117,0.9118365695795525
0.03277803418517537,0.03277805842686446,0.03277776301710928,0.032778058426842324,0.8688880859440086
0.050249993031303467,0.050250094016364794,0.05024893741635312,0.050250094016331646,0.7990008815196469
0.02255398515726329,0.022553999409149615,0.02255376745685726,0.02255399940915163,0.9097842485675783
0.01841789600599732,0.01841793753293745,0.018417497998095226,0.01841793753295771,0.9263287309300123
0.02344594721634255,0.02344599425322753,0.023445463951772993,0.023445994253203612,0.9062166003254533
0.028644930657910267,0.02864495530634828,0.028644680770290008,0.02864495530636007,0.8854204779590914
0.018205970097375474,0.018205996931529793,0.018205696536384097,0.01820599693152709,0.9271763395031836
0.0168135544992589,0.01681357207499943,0.01681334436153823,0.016813572074996976,0.9327459569892064
0.02183777636318757,0.02183780864349662,0.02183745618305998,0.02183780864350165,0.9126491501667542
0.01868158691264064,0.01868161379113845,0.01868132775246928,0.018681613791134817,0.9252738577526168
0.01864477535035344,0.018644803552689097,0.018644519866688917,0.018644803552690905,0.9254210976775776
0.019496745372392116,0.019496768008821424,0.019496529001923557,0.019496768008823353,0.9220131896080395
0.023290194503093695,0.023290223980762883,0.023289903630585373,0.02329022398075717,0.9068394539048008
0.015842944033844862,0.015842961785762433,0.015842768519145543,0.015842961785763082,0.9366283638754841
0.01447073534702738,0.014470757477190729,0.014470509662478166,0.01447075747719492,0.9421172400361087
0.017479072595949028,0.01747909131720885,0.017478874506922943,0.017479091317211096,0.9300838702627081
0.016123577862400106,0.016123594930192,0.01612340872833393,0.016123594930193347,0.9355058235488807
0.018215567943463032,0.018215593488296145,0.018215326140046718,0.018215593488296673,0.9271379189398974
0.015240336813874664,0.015240354383854196,0.015240149601630143,0.015240354383853764,0.9390388048167873
0.020489440735696963,0.020489464470458227,0.020489201904074283,0.020489464470453328,0.9180424284193172
0.02235018663194027,0.022350207237703337,0.02234997418711261,0.02235020723770513,0.9105994247055387
0.02077634341520919,0.020776371098403815,0.020776062627116204,0.02077637109840213,0.9168948517608686
0.01724061008150345,0.0172406349340429,0.017240385446175566,0.017240634934040856,0.9310377346042372
0.01561899486426821,0.015619017583214653,0.015618779883617035,0.015619017583218042,0.9375241900856821
0.017688963388376614,0.017688996881792922,0.017688653339328744,0.01768899688179765,0.929244389508704
0.023926591817985485,0.02392661369416779,0.023926383768565464,0.023926613694171196,0.90429379702511
0.016334033445109378,0.016334048072906292,0.016333898177319853,0.01633404807290635,0.9346639722317581
0.014787223190097856,0.014787244052737292,0.014787013065587556,0.014787244052738313,0.940851275638839
0.014603251398287062,0.01460327156609316,0.014603079021240936,0.014603271566095569,0.9415871264482834
0.018342232505053832,0.01834225348021076,0.018342003921260126,0.01834225348021049,0.9266312566132648
0.019462590358536338,0.01946262324563955,0.019462220521929374,0.019462623245641145,0.9221499426282537
0.020812803018684375,0.020812827652221796,0.020812490314994755,0.020812827652222483,0.9167490513618767
0.018191520647910565,0.01819154753430799,0.018191247042276894,0.01819154753430914,0.9272341372411954
0.02383752392900534,0.02383754349223627,0.023837342923658904,0.02383754349225696,0.9046500461628425
0.02298007747907259,0.022980110991155375,0.022979730937907655,0.022980110991156998,0.9080799696007074
0.02975484621563964,0.02975487372298393,0.029754456771553972,0.0297548737229894,0.880980949566833
0.01872500068815781,0.018725030702231006,0.018724716871261756,0.01872503070223073,0.9251002210361186
0.024604602785330016,0.024604627670564313,0.024604394319427826,0.02460462767056894,0.9015817475541088
0.01949135159758581,0.01949137604418719,0.01949111889297515,0.019491376044188703,0.9220347774210631
0.0190185681909219,0.019018587426007774,0.019018369744618662,0.01901858742600821,0.9239258872124435
0.0166004432105052,0.016600463860717382,0.01660025357801776,0.016600463860716393,0.9335983754900433
0.018704301650705878,0.018704319019501817,0.01870413403908225,0.018704319019500946,0.9251829262712091
0.01933649804887522,0.019336521224246447,0.019336241200906604,0.01933652122424595,0.9226542183017258
0.015317860921011629,0.015317884757283979,0.015317610799957125,0.015317884757284857,0.9387287587644624
0.02821987532604719,0.028219892477275976,0.028219624109132934,0.02821989247724599,0.8871207156102979
0.02358673967726802,0.023586778023506994,0.023586364424617243,0.02358677802351157,0.9056533398510962
0.022390476142932873,0.022390518044414175,0.022390063366550562,0.022390518044397165,0.9104384244017052
0.019377610480345628,0.01937764708920935,0.054491165876375765,0.01937764708921076,0.8873759294648585
0.02614430896194744,0.02614433545351401,0.026144032640335824,0.02614433545353419,0.8954229874906685
0.016726474220636542,0.01672649799664936,0.016726247015701762,0.016726497996647938,0.9330942827703643
0.016534980228975416,0.016535006819158312,0.016534708230403858,0.01653500681916503,0.9338602979022974
0.024619804225214207,0.024619821073463725,0.02461953549891037,0.024619821073462,0.9015210181289497
0.0150672772690749,0.015067300335793583,0.01506704088114775,0.01506730033579168,0.9397310811781922
0.012639990872632694,0.012640008915120005,0.012639789313845665,0.012640008915112038,0.9494402019832896
0.019187485927248872,0.019187512626248807,0.019187230491397242,0.01918751262624784,0.9232502583288571
0.017960075937433664,0.017960101845057894,0.017959815045069206,0.017960101845060257,0.9281599053273789
0.024797091374912053,0.024797113382068425,0.024796874647215122,0.024797113382012653,0.9008118072137916
0.025221831514951033,0.02522185561920635,0.025221592433172617,0.025221855619133794,0.8991128648135362
0.023797090239423547,0.023797130659731092,0.023796685639587763,0.023797130659739096,0.9048119628015184
0.02403244734484715,0.02403247625254918,0.024032176395807934,0.024032476252554343,0.9038704237542413
0.02822986332822135,0.028229895790362874,0.028229482293027693,0.028229895790370697,0.8870808627980175
0.021849883343215783,0.0218499098066236,0.02184959747422585,0.02184990980661794,0.9126006995693168
0.012624397500852088,0.012624417972636233,0.012624192651159721,0.012624417972636477,0.9495025739027154
0.03202594211700291,0.032025984266618214,0.03202551128854039,0.032025984266624,0.8718965780612146
0.015785230458873766,0.015785252684880038,0.015784962329249884,0.01578525268488467,0.9368593018421117
0.01912704426338004,0.01912706778122831,0.019126820301495463,0.019127067781230522,0.9234919998726656
0.018740826092951298,0.018740855720289242,0.01874053625829797,0.018740855720290318,0.9250369262081711
0.02218575488799758,0.022185785641590548,0.022185438886389793,0.022185785641592026,0.91125723494243
0.07400498633710209,0.0740050291091543,0.07400454534401565,0.07400502910915804,0.70398041010057
0.020261179210027,0.020261207315412522,0.020260899857259217,0.020261207315412012,0.9189555063018894
0.01566949406436544,0.015669511153807044,0.015669314630223998,0.015669511153811037,0.9373221689977925
0.03140466720816266,0.031404708213851766,0.03140417415360974,0.031404708213860676,0.8743817422105152
0.016579537197347616,0.016579560462452906,0.016579301398038208,0.016579560462448715,0.9336820404797126
0.017767996654093548,0.017768022602300725,0.017767715782301463,0.01776802260230041,0.928928242359004
0.01553572290883466,0.015535743472004707,0.015535475540892704,0.015535743472009629,0.9378573146062583
0.039445535709119864,0.03944556267541255,0.03944524757204836,0.039445562675423845,0.8422180913679954
0.017501629806564053,0.017501646277123167,0.017501434920664034,0.017501646277120163,0.9299936427185286
0.02295551534506772,0.022955552175620883,0.022955156290295965,0.022955552175633644,0.9081782240133818
0.017766362590635302,0.017766382716424365,0.017766095614338305,0.017766382716422193,0.9289347763621799
0.016473718074031952,0.01647374675139151,0.01647342525032558,0.016473746751389157,0.9341053631728617
0.01574286112040441,0.015742884679740082,0.01574261242443828,0.015742884679741335,0.9370287570956759
0.01865507118514182,0.01865509834700562,0.018654780572325343,0.01865509834699669,0.9253799515485305
0.015837357992996536,0.015837382250607452,0.015837116929486413,0.015837382250606026,0.9366507605763036
0.014288010609901779,0.014288030240998678,0.014287817812770947,0.014288030240996523,0.9428481110953321
0.021719835991979873,0.021719866165817524,0.04044288769775304,0.021719866165810193,0.8943975439786394
0.021109279183178863,0.02110930468063907,0.021109011091681704,0.021109304680643405,0.9155631003638569
0.01344985699536161,0.013449871214708028,0.01344969331527936,0.013449871214705925,0.9462007072599451
0.023746385408001697,0.023746426307383776,0.02374594462330949,0.02374642630738859,0.9050148173539164
0.023041829650806075,0.023041859292061196,0.023041534826330153,0.02304185929206238,0.9078329169387402
0.02560530754222123,0.025605351750968078,0.025604852561455182,0.025605351750977147,0.8975791363943784
0.019124034576445972,0.019124068214342278,0.01912374042321125,0.019124068214348665,0.9235040885716519
0.021796488044046925,0.021796519803582465,0.021796170608511516,0.021796519803581663,0.9128143017402773
0.01870845814464082,0.018708478603784568,0.018708250405741703,0.01870847860378879,0.9251663342420441
0.021092378504351,0.02109241071564613,0.02109204678213421,0.02109241071565345,0.9156307532822151
0.024678012418438047,0.02467805977231923,0.09387431000407162,0.02467805977232779,0.8320915580328432
0.020412748944587368,0.020412782906983517,0.020412408908823773,0.02041278290696183,0.9183492763326434
0.022019151599320778,0.022019193096830543,0.022018746404127182,0.02201919309681141,0.9119237158029101
0.02048136598249764,0.020481406883383072,0.020480962364143696,0.02048140688341041,0.9180748578865652
0.01963703808541956,0.019637064362106858,0.019636763131417465,0.019637064362107676,0.9214520700589485
0.03906065539116874,0.03906072900154132,0.0390598955516565,0.039060729001521896,0.8437579910541115
0.021123335596402094,0.021123362339947434,0.02112304106083212,0.02112336233995183,0.9155068986628665
0.02393873544654134,0.02393875740870039,0.023938519365492492,0.023938757408680348,0.9042452303705855
0.015868328239255894,0.015868356614818155,0.01586807870266452,0.01586835661482022,0.9365268798284412
0.02189779174006184,0.021897819078854183,0.021897510364297566,0.02189781907884654,0.91240905973794
0.029729280288957736,0.029729331157947972,0.029728814627788057,0.02972933115793974,0.8810832427673665
0.038798475452660165,0.03879851323304556,0.038798174436452525,0.038798513232719344,0.8448063236451224
0.014611470758496578,0.014611489063659684,0.014611286296024784,0.01461148906365909,0.9415542648181598
0.01913232029472536,0.019132358702459558,0.019131933161653646,0.019132358702479115,0.9234710291386823
0.023644260639537763,0.023644301859670654,0.02364389108550717,0.023644301859684736,0.9054232445555995
0.026305603115656533,0.0263056285777101,0.02630535535664722,0.026305628577712542,0.8947777843722736
0.019180923682075027,0.019180950357149635,0.019180676009187013,0.019180950357155783,0.9232764995944326
0.022453324068911915,0.022453354803987947,0.02245301096669473,0.022453354803987607,0.9101869553564178
0.0354810828702987,0.03548112441401343,0.03548065680694362,0.035481124414129844,0.8580760114946144
0.028102227523656077,0.028102267627843458,0.028101812467858412,0.02810226762784425,0.8875914247527977
0.020120049116873623,0.020120093343756817,0.03739582788804671,0.020120093343759943,0.9022439363075628
0.0176914323353046,0.017691456735457814,0.017691166527460504,0.017691456735453123,0.929234487666324
0.019967080769472057,0.019967104739273617,0.019966868256764123,0.019967104739276233,0.9201318414952139
0.025110887112281113,0.025110906589570724,0.025110522953223257,0.025110906589569885,0.8995567767553551
0.02246313219572973,0.022463150979320785,0.022462937947069765,0.022463150979324314,0.9101476278985554
0.04420629120437422,0.044206354321661354,0.04420566515283333,0.04420635432171838,0.8231753349994126
0.016364413762083866,0.016364429824048718,0.016364214029092227,0.01636442982401914,0.934542512560756
0.019416904990242893,0.01941693648047616,0.033185026205506535,0.019416936480468515,0.9085641958433058
0.02080918671486319,0.020809212774066724,0.020808926669320302,0.020809212774073514,0.9167634610676764
0.01801123951870069,0.01801125964553601,0.018011016593557926,0.018011259645533944,0.9279552245966713
0.02784733306651145,0.02784738269637457,0.027846820018489413,0.02784738269638608,0.8886110815222386
0.029490266172962822,0.029490310935027315,0.08426500165892745,0.0294903109350355,0.8272641102980469
0.022218249461827065,0.022218282883553646,0.022217925378446985,0.02221828288356434,0.9111272593926079
0.030418555287131617,0.030418606798454532,0.030418027721975528,0.030418606798452475,0.8783262033939858
0.028602740883388086,0.028602785669678683,0.028602309413723916,0.0286027856696772,0.8855893783635321
0.031834940437451616,0.03183498561606306,0.031834522795362336,0.031834985616038224,0.8726605655350848
0.022175895486133954,0.022175923384983524,0.022175620344080365,0.022175923384982345,0.9112966373998198
0.02206644122984428,0.0220664700114343,0.02206613911944977,0.022066470011433578,0.911734479627838
0.016315031979550802,0.016315049255187272,0.01631486935737911,0.016315049255186127,0.9347400001526968
0.02464684248043324,0.0246468740479537,0.024646525935829243,0.024646874047959226,0.9014128834878246
0.024961747391330828,0.024961777396479135,0.02496143382575742,0.024961777396485012,0.9001532639899475
0.024120605987990627,0.024120639946870737,0.024120272276540525,0.024120639946843686,0.9035178418417544
0.026444011019093733,0.026444046653514346,0.02644364042717572,0.026444046653518495,0.8942242552466977
0.025637960522290372,0.025637989764776107,0.025637660940602745,0.025637989764778518,0.8974483990075522
0.024393557241242477,0.02439358648167093,0.02439325135949828,0.024393586481670955,0.9024260184359174
0.020056395932396446,0.020056415175828075,0.020056193694946742,0.020056415175831652,0.9197745800209971
0.025080136557294852,0.02508016102681289,0.025079886193218347,0.025080161026836405,0.8996796551958375
0.017976779589336758,0.017976803638476504,0.017976537633757318,0.017976803638474544,0.9280930754999549
0.016728889463287853,0.016728907424745143,0.01672869495287977,0.01672890742474439,0.9330846007343429
0.01777818930641237,0.01777821183118106,0.017777968988517103,0.017778211831183683,0.9288874180427057
0.01768424711455962,0.017684267781729823,0.017684041396509427,0.017684267781731388,0.9292631759254697
0.01722230515999008,0.017222324180246967,0.017222110268266668,0.0172223241802434,0.931110936211253
0.009084295583763658,0.00908430928943052,0.00908416517548967,0.009084309289433328,0.9636629206618829
0.018595753207351573,0.018595771153061436,0.01859554310070333,0.018595771153064766,0.925617161385819
0.01691886884506819,0.01691889672272917,0.016918640049044042,0.016918896722733823,0.9323246976604247
0.020646364135203505,0.020646400109951148,0.020645998640396724,0.020646400109949923,0.9174148370044987
0.030611642020594115,0.030611678973175918,0.030611256521962733,0.03061167897317807,0.8775537435110891
0.024008598757298126,0.024008629115028934,0.07004205928897961,0.024008629115031137,0.8579320837236621
0.033135900480585366,0.03313592026464634,0.033135701181187076,0.03313592026465329,0.8674565578089279
0.017588372135850676,0.017588395233761968,0.017588172130735793,0.01758839523376489,0.9296466652658867
0.016462234764879798,0.01646226168291145,0.01646199799690866,0.016462261682938628,0.9341512438723615
0.018510910554057815,0.018510938608535754,0.018510638794880352,0.018510938608538138,0.925956573433988
0.025834717136574304,0.02583474558505394,0.02583444268233129,0.02583474558506282,0.8966613490109776
0.018958481649989527,0.01895850352132763,0.018958281898642262,0.01895850352132487,0.9241662294087156
0.016057697115182568,0.01605771714619192,0.016057480513174033,0.01605771714619383,0.9357693880792576
0.01821096298172999,0.01821098457749737,0.01821073967993698,0.018210984577498916,0.9271563281833367
0.01719020199650355,0.017190232849169363,0.01718990355332803,0.017190232849159482,0.9312394287518396
0.01577506690119717,0.015775087275852702,0.01577483364135473,0.015775087275851793,0.9368999249057436
0.016277552286988465,0.016277579942331515,0.016277275209784274,0.016277579942326564,0.9348900126185691
0.01678012379781176,0.016780149463048594,0.016779879642723993,0.016780149463053423,0.9328796976333622
0.018533110605331957,0.018533136089150803,0.0185328533346532,0.01853313608915122,0.9258677638817129
0.015139488665287786,0.015139510639698222,0.015139284687019366,0.01513951063969944,0.9394422053682953
0.02396877976962831,0.02396881062210363,0.023968484050650017,0.02396881062210439,0.9041251149355136
0.01675006830958521,0.01675008821416874,0.016749820181638238,0.016750088214162677,0.9329999350804451
0.016797714574790908,0.016797737861812538,0.01679747442287873,0.016797737861808337,0.9328093352787095
0.02214584482874528,0.022145863984649843,0.02214564534880922,0.02214586398464641,0.9114167818531492
0.013778974447776652,0.013778993890054157,0.013778793151580659,0.013778993890065858,0.9448842446205227
0.027359941664012805,0.027359970500685855,0.027359653107726842,0.027359970500690046,0.8905604642268844
0.02021266544280771,0.02021270200895551,0.02021229929455305,0.020212702008956567,0.9191496312447271
0.014740807011399444,0.014740825052235791,0.01474061634303609,0.01474082505223747,0.9410369265410913
0.016095487509585005,0.016095517072376903,0.016095196733334073,0.016095517072383082,0.935618281612321
0.015013125807586214,0.015013144472491842,0.015012933779321202,0.015013144472489345,0.9399476514681114
0.01707661914247186,0.017076639423564036,0.0170764160143724,0.017076639423566343,0.9316936859960254
0.024095025696155518,0.024095053680192508,0.024094763363000725,0.02409505368019213,0.9036201035804592
0.01605121380221276,0.016051236610429977,0.016051004707753502,0.016051236610428093,0.9357953082691756
0.011591406242149747,0.011591427274650769,0.011591193838744579,0.011591427274652379,0.9536345453698025
0.013751660433498653,0.013751676032171535,0.013751493068020836,0.013751676032167754,0.9449934944341412
0.025309029577002796,0.025309059410820876,0.025308684297432476,0.02530905941081219,0.8987641673039316
0.021541079698703208,0.02154110435956419,0.021540813704453158,0.021541104359565535,0.9138358978777139
0.016781046550587608,0.016781069494527453,0.01678081380065051,0.016781069494528053,0.9328760006597063
0.02135150306760847,0.02135152585129191,0.021351263646993007,0.021351525851293907,0.9145941815828128
0.01895693288673073,0.018956959833160116,0.01895665580733684,0.018956959833164765,0.9241724916396075
0.021799741849072313,0.021799768507332326,0.021799466192530127,0.021799768507343553,0.9128012549437218
0.01778810710219306,0.017788137441025947,0.01778781467326016,0.017788137441026773,0.9288478033424941
0.0172443495642348,0.017244373190663843,0.017244117445131338,0.017244373190661196,0.9310227866093088
0.03105793367012848,0.031057970097745722,0.03105761174821143,0.031057970097744688,0.8757685143861698
0.025831497316081718,0.025831522876413708,0.025831134078144143,0.025831522876412636,0.8966743228529478
0.03045672692286621,0.030456764647508548,0.030456498185445973,0.030456764647506632,0.8781732455966726
0.024129914607613587,0.024129938175766193,0.024129682210224487,0.024129938175757773,0.903480526830638
0.018239494909449417,0.018239521185285663,0.018239242734380375,0.018239521185288612,0.9270422199855959
0.020649188050283766,0.020649224050758797,0.020648863165367983,0.02064922405075585,0.9174035006828335
0.022098535561413064,0.022098559240374367,0.022098284736145394,0.022098559240375303,0.9116060612216919
0.020292001297140434,0.02029203304008634,0.02029179203349742,0.02029203304007067,0.918832140589205
0.01970416563090104,0.01970418608279367,0.019703986150289798,0.019704186082796064,0.9211834760532195
0.022344060048692174,0.022344081303864977,0.022343833856869708,0.02234408130386337,0.9106239434867097
0.016725983010634264,0.016726002864831342,0.01672579050072965,0.01672600286483231,0.9330962207589724
0.01908162763384346,0.019081653577591028,0.019081361728833103,0.01908165357759904,0.9236737034821333
0.027086148010928526,0.027086176964996524,0.027085857861278713,0.02708617696498631,0.89165564019781
0.01782007680775758,0.01782009830836387,0.017819827596479695,0.017820098308364805,0.9287198989790342
0.017219007938628822,0.0172190333002107,0.017218743971036617,0.017219033300206625,0.9311241814899173
0.021859894885652403,0.021859927144995742,0.021859595071869044,0.021859927144993997,0.9125606557524888
0.02049331874334675,0.020493349724733444,0.020493014188999462,0.020493349724719605,0.9180269676182007
0.016923007580431557,0.016923029918428777,0.016922786308173846,0.0169230299184252,0.9323081462745406
0.030464641528226435,0.030464670663717854,0.0304643436611031,0.03046467066370591,0.8781416734832467
0.013847898196101022,0.013847918813875856,0.013847684243968532,0.013847918813878068,0.9446085799321765
0.016209448570953598,0.01620946992006362,0.0162092353390328,0.016209469920066406,0.9351623762498835
0.014441276038200217,0.01444129580990764,0.014441071380537294,0.014441295809908352,0.9422350609614465
0.015363932759243883,0.015363956701631798,0.015363697190839234,0.015363956701631635,0.9385444566466535
0.013634379605180897,0.013634399303591824,0.013634205025740044,0.013634399303585721,0.9454626167619016
0.015940158599391217,0.01594017688180495,0.01593994588213105,0.01594017688180548,0.9362395417548672
0.01804271335883082,0.018042734491128497,0.01804248142625465,0.018042734491130155,0.9278293362326558
0.038774749023882345,0.03877480980854394,0.03877415948632721,0.03877480980856089,0.8449014718726856
0.025856602183323352,0.025856638395763423,0.025856256133680453,0.02585663839575651,0.8965738648914763
0.020546025927605977,0.02054605602793109,0.02054572032613091,0.02054605602793033,0.9178161416904016
0.01612231236560449,0.01612232818483001,0.016122144093379313,0.016122328184831416,0.9355108871713547
0.02837364122984449,0.028373682322004923,0.028373221092196463,0.02837368232201091,0.8865057730339432
0.01631815302810907,0.01631817657465207,0.016317941064305373,0.016318176574649054,0.9347275527582845
0.017039993932948777,0.01704001250873359,0.017039782717413632,0.017040012508735637,0.9318401983321684
0.02300296009514755,0.023002998858178764,0.02300260641330794,0.023002998858181505,0.9079884357751843
0.023806576498735254,0.02380660179433431,0.023806310122335198,0.023806601794335525,0.9047739097902597
0.025786083538848096,0.02578610065964338,0.025785889544698157,0.025786100659638597,0.8968558255971718
0.021399860797043358,0.02139989146208938,0.021399577725445016,0.021399891462087227,0.914400778553335
0.018243691208154954,0.018243717535615208,0.018243388519956223,0.018243717535620145,0.9270254852006535
0.02778950640046623,0.027789573951192675,0.02778885865289529,0.027789573951241514,0.8888424870442043
0.019985604702615015,0.01998563702668483,0.019985249626984183,0.019985637026689384,0.9200578716170266
0.041150162069394994,0.0411502556967237,0.04114919829997624,0.041150255696741966,0.8354001282371631
0.03848419977680221,0.03848426351459625,0.03848355688553404,0.03848426351458976,0.8460637163084778
0.026975831147906432,0.026975864563571143,0.026975501193559716,0.026975864563564215,0.8920969385313985
0.015295043534816557,0.015295065875836365,0.01529482733082974,0.015295065875841184,0.9388199973826762
0.02951796739530362,0.029517995027226903,0.029517675012042072,0.029517995027110777,0.8819283675383166
0.0170139272849791,0.017013952484651443,0.017013679306359813,0.017013952484640462,0.9319444884393693
0.021811800250375466,0.021811837418546542,0.02181142905293771,0.021811837418556326,0.9127530958595839
0.018923582430606534,0.01892360275099649,0.018923374505010276,0.018923602751001155,0.9243058375623855
0.015155650287136724,0.015155683198998515,0.015155340529691363,0.015155683199004375,0.939377642785169
0.01860459464435041,0.018604612794033894,0.01860440515475564,0.018604612794037124,0.925581774612823
0.01573237363599567,0.01573239290587069,0.01573218189277437,0.0157323929058723,0.9370706586594869
0.019163147702151394,0.019163168952931874,0.019162946878860214,0.019163168952924216,0.9233475675131323
0.02105959834171562,0.0210596213426796,0.02105935294662585,0.021059621342685145,0.9157618060262938
0.020326142443231998,0.02032616611430448,0.02032588490847985,0.020326166114300184,0.9186956404196835
0.01907575867053921,0.019075791534127785,0.01907544403084879,0.01907579153413974,0.9236972142303446
0.024690453318980725,0.024690484787616807,0.024690143116611912,0.024690484787617272,0.9012384339891734
0.021392139432192068,0.021392162680346598,0.021391918141665408,0.021392162680355424,0.9144316170654405
0.021918767674120012,0.02191879884772783,0.0219183867277172,0.021918798847732294,0.9123252479027028
0.018863703837833378,0.01886373660953297,0.018863380726909136,0.018863736609528337,0.9245454422161963
0.020920162286087014,0.02092019263801566,0.020919861279886095,0.020920192638018635,0.9163195911579926
0.017477603927736944,0.01747762169631703,0.017477424863824347,0.017477621696318738,0.9300897278158029
0.016549832843954317,0.016549851977151822,0.0165496506222501,0.01654985197714756,0.9338008125794961
0.01881814675986111,0.018818171653446653,0.018817899563001752,0.01881817165344466,0.9247276103702459
0.01873947510446926,0.01873949672198871,0.018739262686566116,0.01873949672198733,0.9250422687649886
0.01669257836114555,0.016692610285926442,0.016692261806102462,0.016692610285918494,0.9332299392609071
0.01797064330693053,0.017970680339310326,0.0418206111243319,0.017970680339300594,0.9042673848901267
0.019344680498887615,0.01934470922710445,0.019344384914459983,0.019344709227105242,0.9226215161324427
0.03717327721728801,0.03717335368793621,0.03717247639588966,0.037173353688009884,0.8513075390108763
0.03135265934475478,0.031352693578498084,0.03135229889238997,0.03135269357856366,0.8745896546057935
0.026570180852553207,0.026570223344348234,0.026569771200273685,0.0265702233443542,0.8937196012584707
0.013319434379661517,0.013319456100043718,0.013319243688899807,0.013319456100050496,0.9467224097313445
0.0160146989575053,0.016014722724750283,0.016014465158526014,0.016014722724750245,0.9359413904344681
0.018202409126554832,0.018202432468636856,0.018202175007919402,0.01820243246863721,0.9271905509282518
0.028000018241379206,0.028000048051228885,0.02799970027662367,0.028000048051176604,0.8880001853795916
0.02184749332242552,0.0218475272911201,0.021847167897790596,0.02184752729109731,0.9126102841975665
0.018236089621020753,0.018236108667000216,0.018235772793755472,0.018236108667002253,0.9270559202512213
0.019768723810167112,0.019768748057389783,0.019768452865147917,0.01976874805738808,0.920925327209907
0.020118402207879492,0.020118435718548888,0.020118069769872193,0.02011843571855044,0.9195266565851491
0.021815049771379495,0.02181508382915469,0.021814713347957638,0.02181508382915544,0.9127400692223527
0.025484213992872127,0.025484242369507054,0.025483960534986496,0.025484242369509497,0.8980633407331249
0.016031162723268697,0.016031183073444956,0.01603097476188876,0.016031183073446,0.9358754963679516
0.019743742542040078,0.019743774225969783,0.01974345139034591,0.01974377422597751,0.9210252576156668
0.023234359416147293,0.0232343844877653,0.023234086274581237,0.02323438448776343,0.9070627853337426
0.02281039141207297,0.022810425263799016,0.02281005976720654,0.02281042526380145,0.9087586982931201
0.0127605877075793,0.012760613637176784,0.017945741662244698,0.012760613637176881,0.9437724433558224
0.01764052228351455,0.017640561697554527,0.017640126964073514,0.017640561697544993,0.9294382273573124
0.021229005203107693,0.021229033407561347,0.0212287292282019,0.0212290334075609,0.9150841987535682
0.02095713002598631,0.02095716761128826,0.020956728345554818,0.020957167611287856,0.9161718064058827
0.02339975818975492,0.02339979160465363,0.023399459262182672,0.023399791604659822,0.906401199338749
0.03357071125383987,0.033570749464232275,0.033570351329728715,0.033570749463996435,0.8657174384882027
0.027991295881059367,0.027991323016596147,0.027990960002136345,0.02799132301659973,0.8880350980836084
0.016565483863408975,0.016565510619364742,0.016565216584199544,0.016565510619365616,0.9337382783136611
0.018823548479396265,0.018823568014114733,0.018823336437308144,0.01882356801412415,0.9247059790550567
0.016516212246919796,0.01651624146447594,0.01651594653019765,0.016516241464487588,0.933935358293919
0.02349402094120856,0.02349405687750162,0.02349362643053512,0.02349405687749384,0.9060242388732609
0.021410095494973434,0.021410133925301694,0.021409760726401064,0.02141013392529572,0.914359875928028
0.033475137433620634,0.0334751799543232,0.03347473979316497,0.033475179954334064,0.8660997628645571
0.026532520475447928,0.026532533637376822,0.026532112997465353,0.02653253363737981,0.8938702992523301
0.046801254158126096,0.04680133562997962,0.046800386835456294,0.04680133562998044,0.8127956877464575
0.057049119270032464,0.057049150615649705,0.057048810205635,0.05704915061565371,0.7718037692930291
0.036486688306550066,0.03648672251468934,0.03648638718422945,0.0364867225147058,0.8540534794798254
0.022201021816853347,0.022201047782529255,0.022200737586876785,0.02220104778253401,0.9111961450312067
0.019290752088839475,0.019290783316194604,0.019290450877211342,0.019290783316199347,0.9228372304015552
0.03898506604202828,0.038985107727624486,0.0389846366509851,0.03898510772762975,0.8440600818517324
0.06351211948448134,0.06351214783020426,0.06351182341351909,0.06351214783017946,0.7459517614416159
0.04921991504411834,0.04921996292569296,0.049219444687481975,0.04921996292565354,0.8031207144170531
0.02403073107258555,0.024030775641574926,0.024030356299390335,0.024030775641582746,0.9038773613448664
0.019493655211262326,0.019493679322617728,0.019493440411997676,0.019493679322619847,0.9220255457315023
0.02293946668592163,0.0229394977603719,0.02293914344679148,0.022939497760382878,0.9082423943465322
0.016350220331205756,0.016350240516281908,0.016350022045136473,0.01635024051628547,0.9345992765910904
0.022062537569857064,0.0220625616442755,0.022062293810338276,0.022062561644279822,0.9117500453312495
0.019306656361265297,0.019306682905258072,0.019306371549188482,0.019306682905261652,0.9227736062790264
0.02336912049222264,0.023369160469814347,0.023368715143068375,0.023369160469821237,0.9065238434250733
0.023395231758868887,0.023395274077769385,0.023394821450560255,0.02339527407777146,0.90641939863503
0.02073759093885989,0.020737612681309057,0.020737369479659543,0.020737612681310656,0.9170498142188609
0.0250188487590547,0.025018881848934922,0.025018540114345,0.025018881848934235,0.8999248474287311
0.020270066391744147,0.020270084880855778,0.020269796512325147,0.02027008488085754,0.9189199673342173
0.03285467962912507,0.03285472511033928,0.03285424174822494,0.03285472511036668,0.868581628401944
0.05825740512207375,0.058257424140632355,0.05825721138416428,0.058257424140629184,0.7669705352125004
0.02020996878054605,0.020209994825201246,0.020209694806475966,0.02020999482520137,0.9191603467625753
0.02628962892681322,0.0262896661181558,0.02628927262748569,0.026289666118153678,0.8948417662093916
0.035322461148682406,0.03532251077396791,0.03532197749479451,0.03532251077397217,0.858710539808583
0.02431879022537209,0.024318822416921997,0.02431846005905279,0.0243188224169368,0.9027251048817163
0.03447884406863685,0.03447886619738529,0.0344786739255998,0.03447886619739305,0.8620847496109849
0.022902513556977023,0.022902557159768862,0.040955179434115856,0.02290255715975024,0.8903371926893882
0.05602890404810743,0.05602898645164987,0.05602807279713153,0.05602898645161525,0.7758850502514959
0.028525344753635967,0.028525378444116133,0.02852502890643299,0.028525378444124286,0.8858988694516906
0.028543735862310505,0.028543778069914708,0.028543328497236807,0.028543778070030276,0.8858253795005078
0.031141172177617298,0.031141205398307226,0.03114087850575625,0.03114120539830926,0.8754355385200101
0.027642806012433886,0.027642840551461965,0.027642452245635756,0.02764284055146399,0.8894290606390044
0.02255886444628341,0.02255890009795913,0.0439388756204311,0.022558900097954495,0.8883844597373719
0.045461272311735336,0.04546132180466092,0.0454607633031258,0.04546132180473644,0.8181553207757414
0.03627919864263595,0.03627922539751919,0.03627893080495042,0.0362792253975245,0.8548834197573699
0.02899326777621719,0.028993299775993332,0.028992938507249322,0.02899329977599246,0.8840271941645477
0.01976281396186543,0.019762834519598843,0.0197626254319444,0.01976283451960549,0.9209488915669858
0.024483315015987543,0.024483349500018393,0.024482964986791953,0.02448334950001095,0.9020670209971913
0.020006817116938427,0.02000684335350905,0.020006548072446534,0.02000684335351142,0.9199729481035946
0.020310957401229228,0.020310972524831623,0.020310799001876472,0.02031097252483272,0.91875629854723
0.02457957235026866,0.024579601593939616,0.024579273089974103,0.024579601593940435,0.9016819513718772
0.05435970944423837,0.05435980742164115,0.05435868717908695,0.05435980742161591,0.7825619885334175
0.021818105134270568,0.0218181331406318,0.021817824722786483,0.021818133140628974,0.9127278038616822
0.02080524177202108,0.020805268769339552,0.020804973228278203,0.02080526876934447,0.9167792474610167
0.016433219360760427,0.016433235869735722,0.016433057652945258,0.016433235869738147,0.9342672512468204
0.01368928171780229,0.01368930208819928,0.013689078088120046,0.013689302088188528,0.9452430360176899
0.01864700619336366,0.018646994258991842,0.018646741316878913,0.01864699425898918,0.9254122639717763
0.014202566835484091,0.014202584480263576,0.014202389575104776,0.014202584480287783,0.9431898746288598
0.02151234211932282,0.02151238008380503,0.021512007637121855,0.021512380083812104,0.9139508900759382
0.01636235820540273,0.016362378824983984,0.016362148778057226,0.01636237882498536,0.9345507353665706
0.02207125465498932,0.02207128198515618,0.02207100012806428,0.02207128198515042,0.9117151812466399
0.013796537005691601,0.013796553959610214,0.013796375338654158,0.013796553959609915,0.9448139797364341
0.021165735315780435,0.02116575887895633,0.02116547858202255,0.02116575887895976,0.915337268344281
0.014922487721335247,0.014922506952289659,0.01492230090160422,0.014922506952291772,0.9403101974724791
0.020638311892298283,0.020638340073476598,0.020638029397265976,0.020638340073473458,0.9174469785634857
0.018923963802924056,0.018923991007954017,0.018923704113475874,0.018923991007948327,0.9243043500676977
0.018172023059049785,0.018172044689136656,0.01817181027643437,0.018172044689138012,0.9273120772862412
0.017215157295888957,0.01721517939413471,0.017214946673520744,0.01721517939413692,0.9311395372423187
0.019935855380885485,0.019935891583204576,0.019935488231029773,0.01993589158320003,0.9202568732216803
0.014107686689476153,0.014107705738248887,0.014107513180179514,0.014107705738246473,0.943569388653849
0.015997337116720082,0.015997356359970055,0.015997148744139603,0.015997356359972074,0.9360108014191982
0.025693798136557075,0.025693840615025845,0.025693473407480724,0.025693840615018754,0.8972250472259176
0.014501938717468348,0.014501958621321654,0.014501736512974718,0.01450195862131728,0.941992407526918
0.013704649374141063,0.013704674202604052,0.01370442024708545,0.013704674202605205,0.9451815819735643
0.02024193369270554,0.020241960149788744,0.020241662360806795,0.020241960149786686,0.9190324836469121
0.018779464960052398,0.018779490888221752,0.01877920817263111,0.018779490888255337,0.9248823450908393
0.01857424941505138,0.018574273755680305,0.018573963499725135,0.018574273755681003,0.9257032395738622
0.024379200316601977,0.02437923652378744,0.024378837780251166,0.024379236523784226,0.9024834888555753
0.02244003547963569,0.022440064240944368,0.022439771232207993,0.022440064240938088,0.9102400648062738
0.0186930925039998,0.018693118451199784,0.018692828688695172,0.018693118451198736,0.9252278419049066
0.015211200603057314,0.015211215471965873,0.015211019235359073,0.01521121547196448,0.9391553492176532
0.015968099452023952,0.01596812109740538,0.01596788691043749,0.01596812109740608,0.9361277714427271
0.014073617658240401,0.01407364458736499,0.014073350998764368,0.014073644587363314,0.943705742168267
0.015158002044732671,0.015158022776426814,0.01515780109986253,0.015158022776424345,0.9393681513025536
0.020027052675818186,0.020027085245582155,0.04712753877700119,0.020027085245568517,0.8927912380560299
0.01562425102680385,0.0156242729118469,0.015624036087901713,0.015624272911851665,0.9375031670615958
0.01581089905064593,0.015810921845833024,0.01581067485567391,0.015810921845834332,0.9367565824020128
0.01269029709565844,0.012690313861833231,0.012690118298090405,0.012690313861831157,0.9492389568825867
0.02263394657560941,0.02263396166389139,0.0226337196028114,0.022633961663863163,0.9094644104938246
0.019102918079343643,0.019102940804355605,0.04921439041597832,0.019102940804357774,0.8934768098959647
